72,,0,21,39,55,74,87,102,109,131,141,150,172,181,190,197,209,220,232,248,263,274,285,294,310,327,346,366,377,398,409,424,435,449,462,472,481,492,504,515,529,535,548,572,585,599,612,623,639,652,661,681,703,716,735,747,764,774,798,817,833,843,860,868,884,900,913,924,958,968,984,996,1015
81,,1,23,40,51,70,83,100,115,124,143,154,167,180,191,201,216,229,244,253,266,275,289,306,316,325,345,353,365,374,392,406,418,431,440,458,480,497,512,533,546,555,566,579,595,608,620,628,642,649,662,678,693,710,724,736,754,769,806,819,832,847,858,882,896,907,917,930,943,971,988,999,1024,1025,1026,1027,1028,1029,1030,1031,1032,1034
71,,2,15,35,47,63,80,96,110,129,142,164,177,185,195,204,218,230,258,271,281,305,324,333,352,358,367,381,400,420,429,438,454,464,485,496,507,527,544,553,571,589,603,615,625,641,650,668,683,695,712,725,748,759,782,792,802,816,830,846,863,873,893,910,916,928,944,951,966,989,1012,1023
77,,3,17,30,44,61,68,82,95,112,123,135,145,157,168,182,198,211,222,231,242,262,273,284,297,309,322,335,344,355,376,389,399,410,425,437,451,460,471,482,494,511,522,541,559,569,580,592,604,614,621,634,669,679,697,706,719,727,743,765,781,789,801,811,821,835,844,861,871,890,901,931,940,953,977,991,1002,1014
70,,4,27,38,50,66,78,94,103,116,126,146,159,171,187,208,223,234,254,265,277,292,301,364,378,397,412,421,436,448,467,475,489,505,519,552,565,582,597,635,644,658,672,690,704,713,723,728,742,755,767,780,799,814,826,841,849,862,879,888,899,919,935,947,956,967,979,990,1006,1033,1035
75,,5,18,34,43,56,65,77,92,113,127,136,151,162,175,186,206,215,235,245,259,272,287,296,315,329,336,343,354,368,384,388,401,415,450,465,483,498,509,517,530,545,556,567,578,593,610,622,637,648,665,677,691,702,714,738,750,763,777,794,807,820,838,852,870,881,895,911,922,937,952,965,981,997,1009,1017
73,,6,19,29,52,81,91,101,114,130,140,153,173,202,212,221,236,246,267,286,299,313,326,341,360,375,396,411,422,433,447,459,470,491,501,513,524,543,557,568,583,591,605,631,645,655,667,675,686,699,709,722,733,745,758,772,788,803,813,823,837,851,866,877,889,908,925,939,949,962,973,986,1004,1019
76,,7,16,28,48,60,69,84,98,107,117,128,149,169,183,193,205,219,241,252,270,282,298,312,319,331,338,349,361,383,393,403,416,428,444,457,463,474,490,502,516,531,554,570,581,596,606,618,630,646,659,673,688,698,711,729,740,751,768,778,791,800,815,829,854,867,878,898,912,932,942,955,969,980,995,1003,1020
71,,8,25,33,45,57,71,86,104,119,132,147,158,179,200,214,228,240,256,288,302,314,332,340,350,362,372,394,404,443,453,466,476,493,508,518,526,538,550,563,576,586,602,619,632,651,663,674,685,700,718,732,744,756,770,784,797,810,825,839,853,869,885,894,909,921,950,964,978,1000,1010,1022
73,,9,22,36,49,62,72,85,97,108,118,138,152,163,170,184,194,207,225,247,260,279,295,307,317,328,342,351,385,391,413,426,441,455,473,484,500,514,534,542,562,577,590,607,617,629,643,654,666,687,701,720,741,757,771,783,793,808,824,842,856,865,880,892,905,920,929,946,960,972,983,993,1007,1021
78,,10,14,26,41,53,64,75,90,99,106,121,139,160,178,188,227,239,249,261,268,280,293,308,320,337,347,363,373,386,395,407,417,430,446,461,477,495,506,521,532,537,547,560,573,584,600,611,624,636,657,671,682,696,717,730,749,762,775,786,796,804,818,831,845,855,872,883,891,904,914,926,938,948,961,976,992,1005,1018
72,,11,24,37,54,67,79,93,105,122,134,148,161,174,192,203,217,237,250,257,278,290,303,318,330,348,359,369,379,387,405,419,432,442,456,469,479,488,503,525,540,551,564,594,609,626,647,660,684,694,707,715,731,739,753,766,779,790,812,827,836,857,874,886,902,915,927,936,959,974,985,998,1013
75,,12,20,32,46,59,76,88,120,133,144,156,165,176,189,196,210,224,233,251,264,276,291,300,311,321,334,357,371,380,390,408,427,439,452,486,499,523,536,549,558,575,588,601,616,633,638,653,664,676,692,705,726,737,752,761,773,785,795,805,828,840,850,864,876,897,906,923,933,941,954,963,975,987,1001,1011
72,,13,31,42,58,73,89,111,125,137,155,166,199,213,226,238,243,255,269,283,304,323,339,356,370,382,402,414,423,434,445,468,478,487,510,520,528,539,561,574,587,598,613,627,640,656,670,680,689,708,721,734,746,760,776,787,809,822,834,848,859,875,887,903,918,934,945,957,970,982,994,1008,1016
