73,,0,22,38,53,68,82,94,111,124,138,152,168,186,200,214,227,239,254,265,279,298,312,325,340,350,365,381,396,411,426,440,453,467,482,496,510,524,537,551,564,577,591,605,619,633,648,662,676,690,706,717,731,744,759,773,787,801,817,833,845,862,878,892,907,921,931,947,962,976,990,1003,1017,1034
73,,1,23,36,51,69,84,100,114,126,146,159,171,184,199,213,228,244,257,272,285,299,313,327,341,354,368,379,391,406,420,435,449,462,477,491,504,518,532,545,559,573,588,604,618,632,647,661,674,688,704,718,732,746,760,777,791,804,815,828,842,856,872,886,901,916,930,944,958,972,987,1000,1014,1028
74,,2,14,28,42,56,72,85,101,112,129,144,158,169,182,194,207,221,235,247,261,273,287,303,316,330,343,358,372,387,405,421,436,448,465,475,487,498,511,523,539,553,567,581,596,610,622,636,649,663,677,692,705,719,736,750,764,778,796,810,825,840,853,866,879,893,906,919,935,956,971,984,998,1011,1025
74,,3,19,32,49,65,80,96,109,122,136,151,164,181,195,206,219,233,251,267,281,297,310,320,331,348,359,373,386,402,417,429,441,456,469,483,500,514,529,543,558,571,586,601,615,628,637,653,666,680,694,707,721,734,748,761,776,790,803,819,830,843,857,871,885,897,911,925,940,953,965,979,995,1008,1021
75,,4,21,31,44,57,71,86,98,113,125,145,157,174,187,201,215,230,243,258,271,286,300,314,328,342,356,369,383,397,409,424,439,454,468,481,495,509,526,538,552,566,579,594,606,620,635,650,665,679,693,708,722,735,749,762,774,789,805,818,832,846,859,873,887,900,914,927,942,955,969,983,994,1010,1024,1035
73,,5,15,30,43,60,75,89,107,121,134,147,161,175,196,212,225,236,252,268,282,295,307,322,336,349,363,376,390,403,418,433,450,463,478,493,507,520,536,549,565,580,593,609,624,640,654,667,681,697,711,723,740,754,768,781,794,807,821,836,850,865,882,895,908,923,936,949,963,977,991,1005,1020,1031
74,,6,26,41,55,67,81,95,108,123,139,153,165,179,192,203,218,231,245,259,277,292,306,319,333,346,361,375,388,401,414,430,445,459,472,486,503,517,530,546,560,574,587,600,614,629,642,655,669,682,695,710,725,738,752,766,782,795,809,823,837,851,863,877,889,905,918,934,946,961,974,988,1002,1015,1030
74,,7,16,29,45,58,74,87,103,117,132,140,155,170,183,198,208,223,237,248,260,276,288,301,315,329,345,362,374,389,399,413,427,444,455,470,484,497,512,525,540,554,568,585,597,611,623,638,652,668,685,698,714,727,741,755,769,783,798,811,826,838,854,867,880,894,910,924,938,951,966,981,997,1012,1026
74,,8,27,40,54,66,76,91,104,119,133,148,162,176,189,204,217,232,246,262,275,290,304,318,335,347,360,377,392,404,416,431,442,457,474,488,502,516,531,544,556,572,584,599,612,627,643,656,670,683,696,709,724,737,751,765,779,792,806,820,834,847,860,875,891,903,917,932,945,959,973,986,1001,1016,1029
74,,9,24,35,47,64,78,90,102,116,128,141,160,173,188,202,216,229,242,253,263,278,291,305,326,338,351,364,380,393,408,422,437,452,464,476,492,505,521,533,550,563,578,592,607,621,634,646,660,675,689,702,715,730,742,757,772,786,800,812,824,839,852,868,881,896,909,922,937,950,964,978,992,1007,1023
75,,10,17,33,46,61,73,88,99,115,130,143,156,172,185,197,211,224,241,256,269,284,296,311,321,334,352,367,378,394,407,419,432,446,460,473,485,499,513,528,542,557,569,583,598,613,626,639,651,664,678,691,703,720,733,747,763,775,788,802,814,831,844,858,870,884,899,913,926,939,952,967,982,996,1009,1022
74,,11,20,37,48,59,79,92,105,118,131,142,154,167,178,193,209,222,240,255,270,283,294,309,323,339,355,370,384,398,412,425,438,451,466,480,494,508,522,535,548,562,576,589,602,616,630,644,658,672,686,700,713,729,745,758,770,785,799,816,829,848,861,874,888,904,920,933,948,960,975,989,1004,1018,1032
75,,12,18,34,50,62,70,83,97,110,127,137,149,163,177,190,205,220,234,249,266,280,293,308,324,337,353,366,382,395,410,423,434,447,461,479,490,506,519,534,547,561,575,590,603,617,631,645,659,673,687,701,716,728,743,756,771,784,797,813,827,841,855,869,883,898,912,928,941,957,968,980,993,1006,1019,1033
74,,13,25,39,52,63,77,93,106,120,135,150,166,180,191,210,226,238,250,264,274,289,302,317,332,344,357,371,385,400,415,428,443,458,471,489,501,515,527,541,555,570,582,595,608,625,641,657,671,684,699,712,726,739,753,767,780,793,808,822,835,849,864,876,890,902,915,929,943,954,970,985,999,1013,1027
