75,,0,22,36,49,63,81,91,101,114,129,139,160,179,200,212,221,239,248,264,276,290,303,318,332,342,353,365,374,392,406,419,432,445,467,474,489,504,514,534,543,555,566,578,594,610,621,635,644,656,669,681,705,726,738,750,764,773,785,793,808,823,837,850,865,879,890,900,913,925,937,951,966,990,1005,1016
71,,1,23,40,51,70,83,100,115,124,143,154,168,182,195,204,218,230,259,272,288,302,315,328,341,357,372,388,402,414,422,435,449,461,478,488,502,516,531,552,564,589,604,615,628,640,655,667,677,690,704,714,735,748,758,771,784,797,810,827,835,845,855,876,896,911,924,957,967,980,992,1006
77,,2,16,28,48,61,68,82,95,113,127,136,151,162,174,193,205,219,241,253,267,286,300,309,322,334,354,367,379,387,407,417,430,446,460,471,481,492,505,519,547,565,581,595,608,620,633,642,648,664,674,686,699,709,719,728,743,765,781,788,803,813,822,834,848,861,872,883,889,908,923,930,946,963,976,989,1014,1023
71,,3,17,31,43,53,64,75,89,110,128,149,169,183,192,203,217,233,251,263,274,282,297,310,327,343,355,375,397,412,420,427,441,453,466,476,496,507,530,539,560,572,585,599,613,634,670,682,695,710,723,731,741,755,769,801,809,824,840,852,873,894,907,915,928,938,948,960,971,986,1004,1018
76,,4,27,38,50,66,78,94,103,116,126,146,158,178,190,198,213,226,236,246,266,275,289,306,316,326,337,349,361,378,398,411,423,434,447,459,469,480,493,509,518,526,537,548,574,590,605,625,641,649,660,683,698,712,725,747,763,777,789,804,817,831,847,859,870,882,895,909,922,941,954,962,973,987,1000,1010,1022
76,,5,18,35,47,62,74,87,102,111,125,138,152,164,177,185,197,210,225,249,262,273,285,294,311,319,330,345,360,376,389,399,409,424,436,450,463,475,491,501,513,525,538,551,563,573,584,601,618,631,645,658,673,688,697,708,720,740,749,762,775,787,811,820,838,851,866,878,898,912,932,936,959,975,988,999,1021
68,,6,19,29,52,80,96,109,131,142,163,171,187,207,224,234,254,265,278,291,299,314,331,339,358,366,384,390,404,438,455,473,483,498,512,533,546,557,570,583,593,609,626,647,661,679,700,713,724,737,753,767,779,790,816,830,843,858,881,892,906,919,939,953,972,985,997,1009,1017
76,,7,15,34,42,58,72,85,97,108,119,134,148,161,175,186,206,215,235,245,258,270,281,305,324,336,348,359,369,380,391,413,426,440,458,479,487,508,517,529,535,549,558,575,586,600,611,623,637,650,666,685,696,715,732,744,756,770,782,794,807,821,836,857,875,886,903,916,927,935,947,956,970,981,998,1012,1034
84,,8,25,33,45,57,71,86,104,117,130,140,153,173,202,211,222,231,243,255,268,280,293,308,320,340,352,362,373,385,394,405,418,431,444,456,470,490,503,524,544,554,569,580,591,607,617,629,643,654,668,680,691,701,721,736,751,772,786,798,818,832,846,863,868,884,899,921,949,961,977,991,1002,1013,1024,1025,1026,1027,1028,1029,1030,1031,1032,1033,1035
76,,9,21,39,55,73,90,99,105,122,132,147,159,172,181,189,196,209,220,232,247,260,279,295,307,317,329,338,351,383,393,403,416,429,439,452,485,497,511,523,536,550,562,577,592,603,614,622,636,657,672,689,703,718,729,739,752,760,776,791,799,814,825,842,856,864,874,887,905,920,929,944,950,964,978,1001,1011
73,,10,14,26,41,54,67,79,92,112,123,135,145,157,167,180,191,201,216,229,242,261,271,283,304,323,335,347,363,371,381,400,421,433,448,468,477,495,506,521,532,541,559,571,588,602,619,632,653,662,676,692,706,722,730,754,768,780,800,815,829,854,867,877,888,901,934,945,958,969,979,993,1007,1020
75,,11,24,37,56,65,77,93,106,121,141,150,170,184,194,208,223,237,250,256,287,296,312,321,333,350,364,377,396,410,425,437,454,465,486,499,520,528,540,553,567,579,597,627,639,652,663,675,687,702,717,727,742,757,766,778,792,802,812,826,841,849,860,869,885,897,910,917,931,940,952,965,982,994,1008,1015
71,,12,20,32,46,59,76,88,120,133,144,156,165,176,188,227,238,244,252,269,284,298,313,325,344,356,370,386,395,408,428,442,457,464,484,500,515,527,545,561,576,587,598,612,624,638,651,665,678,694,707,716,733,746,761,774,795,806,819,833,844,862,880,891,902,918,933,943,974,984,996,1019
67,,13,30,44,60,69,84,98,107,118,137,155,166,199,214,228,240,257,277,292,301,346,368,382,401,415,443,451,462,472,482,494,510,522,542,556,568,582,596,606,616,630,646,659,671,684,693,711,734,745,759,783,796,805,828,839,853,871,893,904,914,926,942,955,968,983,995,1003
