74,,0,16,36,50,58,71,85,101,113,127,140,154,167,180,193,208,223,237,253,263,278,291,305,327,341,355,370,383,397,409,426,440,453,467,482,496,510,523,537,551,565,579,593,609,623,637,651,663,677,690,705,718,731,745,757,772,785,799,815,828,842,856,870,885,898,911,925,939,951,966,982,996,1009,1023
73,,1,21,34,48,63,77,90,104,119,133,147,161,173,188,202,217,233,249,264,277,292,306,319,333,347,361,374,388,402,416,429,442,456,469,483,500,514,528,544,556,571,586,601,615,627,642,655,669,683,697,710,725,738,752,767,781,796,812,825,839,853,869,882,896,910,924,936,950,964,978,992,1007,1022
74,,2,14,28,42,57,70,84,98,112,126,141,158,169,185,197,210,226,240,255,270,284,298,312,326,338,353,366,382,396,412,425,438,452,465,478,490,506,519,534,550,564,577,591,605,618,632,646,660,675,689,704,719,734,749,760,776,789,806,820,834,848,862,878,892,907,921,934,946,960,973,986,1001,1016,1029
74,,3,17,29,44,56,73,87,105,117,131,146,159,174,186,200,214,228,242,256,269,283,296,311,324,339,354,368,379,392,406,420,435,451,466,480,494,508,522,536,549,563,578,592,607,621,634,647,661,674,688,702,716,730,743,759,773,786,800,813,827,841,855,868,883,897,913,926,940,954,971,985,998,1010,1026
74,,4,25,38,52,65,78,88,100,114,129,144,160,175,191,205,220,234,248,262,274,288,302,318,332,346,360,375,389,400,414,430,445,459,472,485,498,512,527,540,555,572,585,600,614,628,640,654,668,682,694,708,722,736,750,764,777,791,804,818,833,844,857,872,887,901,915,929,943,955,969,983,995,1011,1024
74,,5,18,30,49,64,79,93,107,122,136,150,164,178,194,207,221,235,247,259,276,290,304,317,331,344,358,372,387,403,417,431,444,457,473,488,502,516,529,542,557,568,582,596,610,624,638,652,666,680,695,711,724,737,751,765,779,792,805,819,831,846,860,874,888,904,917,933,945,959,975,988,1002,1015,1030
74,,6,26,39,53,69,82,97,109,123,138,153,165,179,192,206,219,232,246,260,275,289,303,316,329,345,359,373,386,401,415,428,443,458,471,484,497,511,525,541,554,569,583,598,613,626,641,657,671,686,700,714,728,741,755,769,783,798,811,826,840,854,867,881,895,909,922,938,952,965,979,993,1005,1020,1034
74,,7,19,35,51,67,81,96,111,124,139,152,168,183,196,211,225,236,252,266,280,293,307,320,334,349,363,377,390,404,418,432,446,460,474,487,499,515,526,539,553,567,581,594,606,620,635,648,665,679,691,703,720,733,747,763,778,793,808,821,837,850,863,876,891,903,918,931,948,961,974,989,1004,1019,1033
73,,8,27,41,55,68,83,94,110,125,137,151,166,181,195,209,222,241,251,268,281,297,309,323,337,352,367,381,395,410,423,437,450,464,479,492,505,520,533,548,562,576,588,603,617,630,645,659,672,685,698,713,729,744,758,771,787,801,814,830,843,858,871,884,899,912,928,941,956,970,984,999,1013,1027
74,,9,22,37,47,62,75,91,102,118,128,143,156,170,184,199,213,227,239,254,267,282,295,308,322,335,350,364,378,393,407,421,434,449,463,477,491,504,518,532,545,560,574,590,604,619,633,649,662,678,692,706,717,732,746,761,775,790,803,817,832,845,861,875,889,905,919,935,953,967,980,994,1008,1021,1035
74,,10,15,31,45,61,74,89,106,120,134,149,163,176,190,204,218,231,245,261,273,287,301,315,328,342,356,369,384,398,411,424,439,454,468,481,495,509,524,538,552,566,580,595,608,622,636,650,664,676,693,707,721,735,748,762,774,788,802,816,829,847,859,873,886,900,914,927,942,957,968,981,997,1012,1025
75,,11,23,33,43,59,76,92,103,116,130,145,157,172,187,201,215,230,244,257,272,285,299,313,325,340,351,365,380,394,408,422,436,447,462,475,489,503,517,531,546,559,573,587,599,612,629,643,656,670,684,699,712,726,739,754,768,782,795,809,824,838,852,866,879,893,906,920,932,947,962,976,990,1003,1017,1031
75,,12,20,32,46,60,72,86,99,115,132,142,155,171,182,198,212,224,238,250,265,279,294,310,321,336,348,362,376,391,405,419,433,448,461,476,493,507,521,535,547,561,575,589,602,616,631,644,658,673,687,701,715,727,742,756,770,784,797,810,822,836,849,865,880,894,908,923,937,949,963,977,991,1006,1018,1032
74,,13,24,40,54,66,80,95,108,121,135,148,162,177,189,203,216,229,243,258,271,286,300,314,330,343,357,371,385,399,413,427,441,455,470,486,501,513,530,543,558,570,584,597,611,625,639,653,667,681,696,709,723,740,753,766,780,794,807,823,835,851,864,877,890,902,916,930,944,958,972,987,1000,1014,1028
