69,,0,21,40,51,70,80,95,115,124,143,154,167,180,191,201,216,229,244,253,267,286,301,348,361,378,396,410,425,437,452,485,493,509,518,527,545,561,576,587,598,612,626,647,661,680,691,701,720,739,754,769,802,812,827,836,857,874,887,903,915,927,935,947,956,970,981,998,1013,1023
75,,1,23,39,55,72,85,97,108,119,134,148,161,174,192,203,217,236,246,266,275,289,307,317,329,338,350,364,377,397,412,420,428,444,455,473,484,499,520,530,539,560,572,586,600,611,623,638,653,662,675,687,702,716,733,746,760,776,790,814,825,842,853,872,882,895,910,918,932,939,952,965,982,994,1008,1015
77,,2,15,35,47,62,74,87,102,110,130,140,153,172,181,188,227,239,247,260,279,295,306,316,326,337,349,360,376,389,399,409,424,436,450,463,474,489,504,514,534,542,556,569,581,595,608,620,633,641,648,664,674,685,696,715,731,741,756,771,783,795,806,819,833,843,860,870,883,890,901,934,946,963,976,991,1002,1012
77,,3,17,30,44,61,68,81,90,99,105,122,133,144,156,165,177,185,197,210,222,231,242,262,273,284,298,313,325,344,355,375,398,411,423,435,449,461,478,488,502,516,529,536,549,558,575,585,599,613,634,670,682,695,710,723,730,753,767,781,789,803,813,823,837,851,866,877,892,909,922,940,953,973,987,1000,1010,1022
70,,4,27,38,50,65,78,96,111,125,137,155,166,199,214,228,240,256,288,302,315,328,340,352,362,373,385,395,408,427,442,457,464,483,498,512,533,547,564,589,604,615,627,639,652,663,676,692,707,717,727,742,755,766,778,792,801,810,828,840,852,871,893,905,919,936,958,969,979,992,1006
71,,5,18,34,43,56,66,77,94,103,116,126,147,159,171,187,207,223,234,254,265,278,290,303,318,332,342,354,367,379,387,406,419,432,445,465,487,508,517,531,552,565,580,591,605,624,637,650,666,686,699,709,719,728,743,765,779,791,799,815,829,855,876,896,911,923,933,943,972,983,995,1003
84,,6,19,29,52,82,93,107,117,129,141,149,169,183,193,205,219,241,252,271,281,305,324,336,347,363,371,382,402,414,422,434,447,459,469,480,494,511,522,543,555,566,579,596,607,617,629,643,654,668,681,705,726,738,750,764,772,787,811,822,834,848,861,873,894,906,920,929,944,951,966,989,1014,1024,1025,1026,1027,1028,1029,1030,1031,1032,1033,1034,1035
73,,7,16,28,48,60,69,84,98,106,118,139,160,178,190,198,211,224,235,245,258,268,280,293,310,327,343,356,369,380,392,407,417,429,439,454,468,477,495,505,519,546,557,570,583,592,602,619,631,645,657,671,684,693,711,734,745,759,784,797,809,824,839,854,867,878,899,924,957,967,980,993,1007,1020
71,,8,25,33,45,57,71,86,104,120,132,146,158,179,200,212,221,238,243,257,276,292,300,309,322,333,351,381,400,421,433,448,466,476,496,507,528,541,559,571,588,603,614,622,636,658,673,688,698,712,725,747,763,777,788,804,818,832,846,863,868,884,898,912,931,942,955,968,985,997,1009,1016
73,,9,20,32,46,59,76,88,121,138,152,164,176,189,195,204,218,230,259,272,287,297,308,321,334,353,365,374,391,413,426,440,458,479,486,500,515,526,538,551,563,573,584,601,618,630,646,659,672,689,703,718,729,740,751,773,785,793,808,821,835,845,856,865,880,889,908,921,949,962,974,984,996,1018
73,,10,14,26,41,54,67,79,92,112,123,135,145,157,168,182,196,209,220,232,248,263,274,283,304,323,335,345,359,370,386,394,404,438,456,470,490,503,524,544,554,568,582,597,628,640,655,667,677,690,704,713,724,737,752,761,774,794,807,820,838,850,864,875,886,902,917,930,945,959,975,988,999,1021
77,,11,24,37,53,64,75,91,101,113,127,136,150,173,202,213,226,237,250,255,269,285,294,311,319,330,346,368,383,393,403,416,430,446,460,471,481,492,506,521,532,540,553,567,578,593,610,621,635,644,656,669,678,694,708,721,736,748,758,770,782,796,805,826,841,849,862,879,888,900,913,925,937,950,964,978,1001,1011
75,,12,22,36,49,63,83,100,114,128,151,162,175,186,206,215,233,251,264,277,291,299,314,331,341,357,372,390,405,418,431,441,453,467,475,491,501,513,525,537,550,562,577,594,609,625,642,649,660,683,697,706,722,732,744,757,768,780,800,816,830,844,859,869,885,897,907,916,926,941,954,961,977,990,1004,1019
71,,13,31,42,58,73,89,109,131,142,163,170,184,194,208,225,249,261,270,282,296,312,320,339,358,366,384,388,401,415,443,451,462,472,482,497,510,523,535,548,574,590,606,616,632,651,665,679,700,714,735,749,762,775,786,798,817,831,847,858,881,891,904,914,928,938,948,960,971,986,1005,1017
