74,,0,17,29,43,58,71,85,100,113,126,141,156,169,185,196,210,226,241,254,265,278,291,305,326,337,353,366,382,396,412,425,437,452,465,477,491,505,520,533,548,564,576,588,604,619,632,646,660,675,688,702,716,730,743,759,773,786,800,812,824,839,852,867,881,895,909,922,938,952,966,980,994,1008,1022
73,,1,22,35,51,69,83,94,111,123,136,150,165,178,194,206,220,235,247,259,279,294,309,322,336,350,363,376,391,405,420,436,448,461,475,490,504,518,531,545,560,574,589,603,617,631,644,657,671,686,700,714,727,741,755,769,783,799,815,828,842,856,870,884,899,913,926,939,953,967,981,997,1013,1027
75,,2,14,28,42,57,70,84,98,112,127,140,154,168,182,197,211,225,236,252,266,280,292,306,319,333,345,360,377,390,404,418,432,446,460,473,487,499,515,527,541,554,569,583,598,612,629,643,655,669,682,696,709,724,738,752,768,780,794,808,821,836,849,865,880,894,908,923,936,950,964,979,993,1007,1021,1035
74,,3,16,33,45,60,74,88,101,115,130,145,158,171,184,199,213,228,242,256,269,283,296,312,325,339,354,368,380,394,408,422,435,450,464,479,492,506,519,534,549,563,578,591,605,618,633,648,665,679,692,706,717,732,746,760,774,788,803,816,830,843,857,872,886,900,914,928,941,957,969,983,995,1010,1025
74,,4,24,40,54,66,80,97,108,121,134,149,163,175,191,209,222,238,249,267,281,297,310,321,335,349,364,378,393,407,419,433,449,462,476,493,507,521,535,547,561,575,590,602,616,630,645,659,672,685,698,713,728,742,756,770,784,797,810,823,837,850,864,877,889,905,919,935,951,965,978,991,1005,1020,1033
73,,5,18,30,48,63,78,89,107,122,137,151,164,180,193,208,223,237,251,268,282,295,308,323,338,352,367,379,392,406,421,434,447,463,478,489,503,517,532,546,559,573,587,600,614,628,640,654,668,683,695,711,723,740,753,766,781,796,813,827,841,855,869,882,896,910,925,940,954,971,984,998,1011,1026
74,,6,25,38,52,64,79,90,105,116,131,146,160,177,189,203,216,229,243,258,271,286,301,315,329,344,358,372,387,403,417,429,442,455,471,484,497,511,525,540,555,571,585,599,613,626,642,656,670,684,699,712,726,739,754,767,782,793,807,822,835,851,863,876,890,903,917,932,945,959,974,989,1003,1017,1034
74,,7,19,34,49,65,76,93,109,124,139,152,167,181,195,207,221,234,248,262,274,288,300,314,328,342,356,369,384,398,411,424,439,454,468,480,494,508,522,536,550,562,577,592,606,620,635,649,661,674,689,704,719,735,748,762,775,790,802,817,831,847,860,874,888,902,916,930,944,958,972,986,1000,1014,1029
74,,8,27,39,53,67,81,95,106,120,135,148,162,176,190,205,219,232,246,260,275,290,304,317,331,347,359,374,389,401,416,431,444,456,470,485,498,512,526,539,553,567,581,593,609,622,636,651,662,678,691,703,721,733,749,761,776,789,806,820,834,848,862,878,892,907,921,934,947,962,976,990,1004,1019,1032
75,,9,20,36,50,59,77,92,104,119,133,147,161,174,187,201,215,230,244,257,272,285,299,313,327,341,355,370,383,397,410,423,438,451,466,481,495,509,523,538,552,566,580,594,607,621,634,647,663,677,690,705,718,731,744,757,772,785,798,811,826,840,854,866,879,893,906,920,933,946,960,975,988,1002,1015,1030
74,,10,15,31,44,56,73,87,102,117,132,143,157,172,186,200,214,227,240,255,270,284,298,311,324,340,351,365,381,395,409,426,440,453,467,482,496,510,524,537,551,565,579,595,608,623,638,652,666,681,697,710,725,737,751,765,777,791,804,818,833,845,861,875,891,904,918,931,948,961,973,987,1001,1016,1028
73,,11,23,37,46,61,75,91,103,118,129,144,159,173,188,204,218,231,245,261,273,287,302,318,332,346,361,373,385,399,413,427,441,457,474,488,502,516,530,544,558,570,582,596,610,624,637,650,664,676,693,707,720,734,747,763,778,795,809,825,838,853,868,883,897,912,927,942,955,968,982,996,1009,1023
75,,12,21,32,47,62,72,86,99,114,128,142,155,170,183,198,212,224,239,253,263,277,293,307,320,334,348,362,375,388,402,415,428,443,458,469,483,500,514,529,542,557,568,584,597,611,625,639,653,667,680,694,708,722,736,750,764,779,792,805,819,832,846,859,873,887,901,915,929,943,956,970,985,999,1012,1024
74,,13,26,41,55,68,82,96,110,125,138,153,166,179,192,202,217,233,250,264,276,289,303,316,330,343,357,371,386,400,414,430,445,459,472,486,501,513,528,543,556,572,586,601,615,627,641,658,673,687,701,715,729,745,758,771,787,801,814,829,844,858,871,885,898,911,924,937,949,963,977,992,1006,1018,1031
