78,,0,22,36,49,63,81,91,101,113,127,136,151,162,175,186,206,215,235,245,258,271,282,298,314,331,341,357,371,381,400,421,434,447,459,469,480,494,510,522,541,559,571,587,598,613,634,670,682,695,710,723,730,754,770,782,797,809,824,839,854,866,877,888,900,913,925,937,951,966,989,1014,1024,1025,1027,1029,1031,1033,1035
73,,1,23,40,51,70,82,96,109,131,142,163,173,203,216,229,243,255,268,280,293,310,327,343,355,374,392,406,419,431,442,457,464,484,500,515,526,537,549,558,575,585,599,615,627,638,653,662,676,693,711,733,745,759,783,795,805,826,841,849,860,869,885,897,908,923,932,938,948,960,972,983,995,1003
79,,2,16,28,47,62,73,90,99,105,122,132,147,159,171,187,207,222,231,242,262,273,285,295,307,317,329,336,348,360,376,388,401,415,443,452,485,493,509,518,527,546,557,568,582,596,608,620,633,640,655,666,684,694,706,722,731,741,755,766,778,793,808,821,833,844,862,881,891,904,914,926,941,954,962,973,987,1000,1010,1022
79,,3,17,30,44,61,68,83,100,115,124,143,153,172,181,189,196,210,223,234,254,265,278,290,303,318,332,342,354,367,379,387,407,417,430,446,460,471,481,492,506,521,533,547,565,580,591,607,617,631,646,659,671,685,696,715,732,744,757,767,781,788,803,813,822,834,848,861,873,894,906,919,935,947,956,970,982,994,1008,1015
68,,4,27,38,50,66,77,93,106,120,133,144,157,169,183,191,202,211,224,236,246,267,286,301,347,363,372,390,404,438,455,473,483,498,512,532,542,556,570,583,592,602,619,629,644,656,669,681,705,726,738,749,762,775,786,798,817,831,847,858,879,889,909,922,943,971,986,1004,1019
73,,5,18,35,48,60,69,84,98,107,118,137,155,167,180,192,201,217,233,251,264,276,291,300,308,321,333,349,361,378,397,411,423,436,449,462,472,482,497,511,523,536,551,562,577,593,609,626,647,661,680,691,701,720,740,751,771,785,792,801,810,828,840,852,872,883,890,901,934,946,963,976,992,1006
70,,6,19,29,52,80,94,103,116,126,146,158,179,199,214,228,240,256,287,296,312,320,340,352,362,373,385,394,405,418,432,445,468,476,496,507,529,535,548,574,588,603,612,625,642,648,664,674,686,700,714,735,748,758,769,802,812,827,836,857,876,896,911,924,957,967,979,991,1002,1013,1023
75,,7,15,34,42,58,72,85,97,108,119,134,148,161,174,193,204,218,230,259,272,288,302,315,328,339,358,366,384,389,399,412,420,427,444,456,470,489,503,524,544,554,569,581,595,606,616,630,645,657,672,689,703,718,729,739,752,761,774,794,807,820,838,850,865,880,892,907,916,927,936,958,968,984,996,1018
72,,8,25,33,45,57,71,86,104,117,130,140,154,166,200,212,220,232,248,263,274,283,304,323,335,346,370,386,395,408,428,441,454,466,477,495,505,519,545,561,576,586,601,618,632,652,663,675,687,702,717,728,743,765,780,800,816,830,843,859,870,882,895,910,917,931,942,955,969,980,993,1007,1020
74,,9,20,31,43,56,65,79,92,112,123,135,145,156,165,176,188,227,239,247,260,279,294,309,322,334,353,365,375,396,410,424,435,450,463,475,491,502,516,531,552,564,590,605,624,637,650,665,679,698,712,725,747,763,777,790,815,829,853,871,893,903,915,928,940,952,965,981,998,1012,1026,1028,1030,1032,1034
73,,10,14,26,41,54,67,78,95,114,128,149,168,182,195,205,219,241,253,266,275,289,306,316,325,344,356,368,383,393,403,416,429,439,451,461,478,486,499,520,528,540,553,566,579,597,628,641,649,660,683,699,709,719,727,742,756,772,787,811,823,837,851,867,878,898,912,930,945,959,975,988,999,1021
78,,11,24,37,55,74,87,102,111,125,138,152,164,177,185,197,209,221,238,244,252,269,284,297,311,319,330,345,359,369,382,402,413,426,440,458,479,487,508,517,530,539,560,572,589,604,614,622,636,658,673,688,697,708,721,736,750,764,773,784,796,806,819,835,845,856,864,875,886,902,918,933,939,953,974,985,997,1009,1017
72,,12,21,39,53,64,75,89,110,129,141,150,170,184,194,208,225,249,261,270,281,305,324,337,351,380,391,414,425,437,453,465,488,501,513,525,538,550,563,573,584,600,611,623,639,651,667,677,690,704,713,724,737,753,768,779,791,799,814,825,842,855,874,887,905,920,929,944,950,964,978,1001,1011
72,,13,32,46,59,76,88,121,139,160,178,190,198,213,226,237,250,257,277,292,299,313,326,338,350,364,377,398,409,422,433,448,467,474,490,504,514,534,543,555,567,578,594,610,621,635,643,654,668,678,692,707,716,734,746,760,776,789,804,818,832,846,863,868,884,899,921,949,961,977,990,1005,1016
