71,,0,23,39,54,67,79,92,115,124,145,157,168,180,191,202,210,223,236,246,267,286,301,346,368,383,393,403,416,429,439,451,461,477,493,509,518,527,545,560,572,587,598,612,624,637,650,665,678,693,711,731,741,755,766,778,791,800,816,830,844,860,870,882,895,909,922,939,953,973,986,1003
75,,1,24,37,53,64,75,91,101,113,127,136,151,163,173,201,216,229,244,253,266,275,289,307,317,329,337,350,364,377,397,410,422,435,450,463,475,491,503,524,544,554,568,582,596,606,616,631,646,659,672,688,698,712,725,747,762,775,787,810,828,839,854,867,878,898,912,931,941,954,962,974,985,997,1009,1016
77,,2,16,28,48,61,68,82,96,110,129,140,155,166,196,213,225,249,263,274,285,295,306,316,326,338,351,379,388,402,414,424,436,449,462,472,481,492,507,529,535,549,557,570,583,592,602,619,633,641,649,660,683,697,707,716,734,745,759,784,797,809,824,841,849,858,881,890,900,913,925,937,951,965,981,998,1012,1023
84,,3,17,31,42,58,72,85,97,108,119,132,144,156,165,177,185,197,209,219,241,252,270,281,305,324,336,345,360,376,387,407,417,430,446,460,471,482,497,511,523,536,551,563,573,584,601,618,630,645,658,673,687,702,717,728,743,765,780,799,815,829,853,873,894,907,915,928,940,952,966,988,1000,1010,1024,1025,1026,1027,1028,1029,1030,1031,1032,1033,1034
76,,4,27,38,50,65,77,94,104,117,128,149,169,182,195,206,215,234,254,265,278,291,300,308,321,333,349,361,378,396,409,425,437,454,465,488,502,516,530,541,559,571,588,603,614,621,635,643,655,667,677,690,704,714,735,750,764,772,786,798,817,832,846,863,872,883,891,902,918,932,938,948,960,971,987,999,1021
72,,5,19,29,52,80,93,106,120,133,143,154,167,183,192,203,217,235,245,259,272,288,302,315,327,343,355,374,392,406,418,432,444,457,464,484,500,515,526,537,548,574,589,604,615,626,647,661,679,699,710,723,729,739,752,760,776,790,814,826,840,851,866,877,888,901,934,946,963,977,990,1005,1017
71,,6,21,40,51,69,84,98,107,118,137,153,172,181,188,227,238,243,257,277,292,299,312,319,331,341,357,371,381,400,421,433,447,459,469,480,494,510,522,539,561,576,586,600,611,623,638,653,663,676,692,708,722,733,746,761,774,794,807,820,838,850,865,879,889,908,921,949,961,976,992,1006
68,,7,15,35,47,62,73,89,109,131,142,162,174,193,204,218,230,256,287,296,313,325,344,356,370,386,394,404,438,455,473,483,498,512,532,542,555,566,580,591,605,625,642,648,662,675,689,703,718,730,753,768,781,789,803,813,823,837,852,868,884,899,924,956,970,982,994,1008,1015
79,,8,25,33,44,60,70,81,90,99,105,122,134,148,161,175,186,205,221,239,247,260,279,294,310,328,340,352,362,373,385,395,408,428,443,452,485,495,505,520,528,540,552,565,581,595,608,620,632,652,664,674,685,696,715,732,744,757,767,779,792,802,812,827,835,845,855,874,887,905,919,935,947,957,967,979,991,1002,1013,1022
71,,9,20,32,46,59,76,88,121,138,152,164,176,189,198,211,224,233,251,264,276,290,303,318,332,342,353,365,375,398,412,420,427,442,458,479,486,499,519,546,558,575,585,599,613,634,669,680,691,701,720,740,751,773,785,793,808,822,834,848,862,880,892,906,920,929,944,950,964,978,1001,1011
71,,10,14,26,41,55,74,87,102,111,125,141,150,170,184,194,208,226,237,250,258,269,284,298,314,330,348,359,369,382,401,415,445,467,474,490,504,514,534,543,556,569,579,597,627,639,651,666,686,700,713,724,737,754,769,801,811,821,836,857,876,896,911,923,933,942,955,968,983,995,1004,1018
74,,11,22,36,49,63,83,100,112,123,135,147,159,171,187,207,222,232,248,262,273,283,304,323,335,347,363,372,389,399,411,423,434,448,468,478,487,506,521,533,547,564,590,607,617,629,644,656,670,682,695,709,719,727,742,756,771,783,795,806,819,833,843,861,871,893,903,917,930,945,959,975,989,1014,1035
73,,12,18,34,45,57,71,86,103,116,126,146,158,179,200,212,220,231,242,261,271,282,297,311,320,339,358,366,384,390,405,419,431,441,453,466,476,496,508,517,531,553,567,578,593,609,628,640,654,668,681,705,726,738,748,758,770,782,796,805,825,842,856,864,875,886,904,914,926,943,972,984,996,1019
74,,13,30,43,56,66,78,95,114,130,139,160,178,190,199,214,228,240,255,268,280,293,309,322,334,354,367,380,391,413,426,440,456,470,489,501,513,525,538,550,562,577,594,610,622,636,657,671,684,694,706,721,736,749,763,777,788,804,818,831,847,859,869,885,897,910,916,927,936,958,969,980,993,1007,1020
