69,,0,22,36,49,63,80,96,109,131,142,163,173,201,216,229,244,253,266,275,289,306,316,326,338,351,380,391,413,426,440,458,479,487,508,517,530,539,560,572,587,598,612,625,642,648,663,677,691,701,719,728,743,765,781,788,804,818,831,847,862,880,888,901,934,946,964,978,1001,1011
73,,1,23,41,53,64,74,87,102,111,125,139,160,178,190,198,211,223,233,251,264,277,291,299,313,325,344,356,370,385,394,405,418,432,445,464,484,500,516,531,552,563,574,590,606,616,630,646,659,671,686,700,713,724,737,751,772,787,810,828,840,852,873,894,906,920,929,944,949,961,977,990,1005,1017
78,,2,16,28,48,60,69,84,98,107,118,137,155,167,180,191,202,212,221,238,243,255,269,284,297,310,327,343,355,375,398,410,422,434,447,459,469,480,493,509,518,526,537,550,562,577,594,610,621,635,644,657,672,689,703,718,733,746,760,776,789,803,813,822,834,848,860,869,885,897,909,921,950,963,975,987,1000,1010,1022
76,,3,17,30,44,61,68,83,100,112,124,143,153,172,182,195,205,220,232,248,263,274,283,304,323,334,354,367,379,388,401,414,425,437,455,473,483,498,512,532,541,559,571,589,604,614,622,637,649,660,683,698,712,725,747,764,773,785,793,808,821,835,845,856,865,879,889,907,915,928,937,952,965,982,994,1008,1015
73,,4,27,38,50,66,77,93,106,120,132,146,159,171,187,207,224,237,250,256,288,302,315,328,341,357,372,389,399,411,423,435,449,462,472,482,497,510,522,543,555,566,578,593,609,626,647,661,679,699,709,720,739,753,767,780,801,811,823,837,851,866,877,891,905,919,935,947,956,970,981,997,1009,1019
84,,5,18,34,43,56,65,79,92,115,123,135,145,157,168,181,189,196,210,222,231,242,261,271,282,296,312,321,333,349,361,378,396,409,424,436,450,463,475,491,501,513,525,538,551,565,579,597,627,638,653,662,675,688,697,708,721,735,750,763,777,790,814,825,842,855,875,886,902,918,932,939,951,966,989,1014,1024,1025,1026,1027,1028,1029,1030,1032,1034
72,,6,20,32,46,59,76,88,121,140,154,166,199,214,228,240,257,276,292,300,308,320,339,358,366,384,390,404,438,454,466,476,494,511,523,536,549,558,575,586,600,611,623,639,652,664,674,684,694,707,716,732,745,759,782,796,805,826,841,849,861,870,883,890,900,913,925,938,948,960,971,986,1003
75,,7,15,35,47,62,73,89,110,129,141,149,169,183,192,203,217,234,254,265,278,290,303,318,332,342,353,365,374,392,406,419,431,443,453,468,477,495,506,521,533,547,564,588,603,615,628,640,655,668,680,690,704,714,736,749,762,775,786,798,817,832,846,863,868,884,899,923,931,942,955,968,983,995,1004,1018
74,,8,25,33,45,57,71,85,97,108,119,133,144,156,165,176,188,227,239,247,260,279,295,307,317,329,337,350,364,377,395,408,428,444,456,470,489,503,524,544,554,568,582,596,605,624,636,658,673,687,702,717,727,742,756,770,783,795,806,819,833,844,858,881,892,908,922,941,954,962,973,988,998,1013,1023
66,,9,21,39,55,75,90,99,105,122,134,148,162,175,186,206,215,236,246,267,286,301,347,363,371,382,402,415,442,457,465,485,496,507,528,540,553,567,580,592,601,618,629,643,654,667,676,693,710,723,730,754,769,802,812,827,836,857,876,896,911,924,958,969,980,992,1006
76,,10,14,26,40,51,70,82,95,113,127,136,151,161,174,193,204,218,230,259,272,287,298,314,331,340,352,362,373,386,397,412,420,427,441,452,486,499,520,529,535,548,573,584,602,619,632,651,666,685,696,715,729,740,752,761,774,794,807,820,838,850,864,874,887,903,917,930,945,959,976,991,1002,1012,1031,1033,1035
76,,11,24,37,54,67,78,94,103,116,126,147,158,179,200,213,226,235,245,258,268,280,293,309,322,335,346,368,383,393,403,416,429,439,451,461,478,488,502,515,527,546,557,570,583,591,607,617,631,645,656,669,681,705,726,738,748,758,771,784,797,809,824,839,853,871,893,904,914,927,936,957,967,979,993,1007,1020
74,,12,19,29,52,81,91,101,114,128,150,170,184,194,208,225,249,262,273,285,294,311,319,330,345,359,369,381,400,421,433,448,467,474,490,504,514,534,542,556,569,581,595,608,620,633,641,650,665,678,692,706,722,731,741,755,766,778,791,800,816,830,843,859,872,882,895,910,916,926,943,972,985,999,1021
70,,13,31,42,58,72,86,104,117,130,138,152,164,177,185,197,209,219,241,252,270,281,305,324,336,348,360,376,387,407,417,430,446,460,471,481,492,505,519,545,561,576,585,599,613,634,670,682,695,711,734,744,757,768,779,792,799,815,829,854,867,878,898,912,933,940,953,974,984,996,1016
