73,,0,16,35,48,63,76,93,108,121,135,149,163,177,189,203,217,233,249,267,282,296,312,326,338,351,362,372,389,399,413,426,440,454,467,483,499,513,528,542,554,569,582,597,611,623,639,652,666,680,695,711,722,738,752,769,782,793,808,822,838,855,869,883,897,912,927,942,954,970,985,997,1014,1028
75,,1,19,36,49,65,78,86,99,113,126,141,157,172,186,200,214,227,240,255,270,284,297,310,320,330,345,364,377,390,403,417,429,442,457,474,488,502,514,529,541,553,567,581,595,609,624,637,650,664,677,691,703,720,733,745,758,772,785,798,812,825,839,852,867,881,896,910,925,940,955,967,980,995,1009,1024
73,,2,14,28,42,56,72,89,106,120,134,148,162,176,190,205,219,232,246,259,276,290,303,315,336,348,360,378,394,406,418,433,447,464,477,490,506,519,534,548,565,580,591,606,619,632,646,660,675,688,702,716,729,747,761,774,789,805,818,833,847,862,879,892,907,921,932,945,958,972,987,1001,1016,1029
74,,3,17,29,46,61,74,88,101,114,128,142,155,170,183,198,211,224,239,254,268,281,298,311,323,337,353,366,383,397,409,427,441,455,469,482,497,512,527,540,555,568,585,599,613,621,633,654,668,682,694,707,719,734,749,763,777,791,804,819,832,846,859,872,886,901,915,926,939,956,968,982,999,1010,1027
73,,4,24,39,53,68,82,96,111,124,139,152,167,180,193,208,223,236,251,266,280,291,305,325,339,357,371,385,400,414,430,443,458,471,484,495,509,524,536,551,562,579,592,605,618,635,649,661,674,690,704,721,735,748,762,776,788,803,817,830,842,857,871,885,899,914,929,946,960,974,989,1004,1018,1035
75,,5,18,31,43,59,77,90,102,117,132,143,156,171,182,197,212,225,237,253,263,279,294,309,321,334,352,368,379,391,405,421,435,448,460,473,486,503,518,531,544,556,570,583,596,610,626,640,653,667,681,696,710,723,739,753,766,780,792,806,820,834,848,864,877,890,903,917,931,948,961,975,986,1000,1013,1026
74,,6,25,38,52,64,79,92,105,116,131,146,161,173,188,202,216,230,243,258,271,287,300,324,340,349,363,374,388,401,419,432,449,462,478,489,501,516,530,545,559,573,586,601,615,627,642,655,669,683,697,712,726,736,751,765,778,797,811,826,841,854,866,880,894,908,922,936,949,963,976,990,1002,1015,1030
74,,7,20,33,44,57,70,84,98,112,127,140,153,166,181,195,209,222,238,250,264,277,293,307,319,332,350,365,381,395,410,424,438,452,463,479,492,505,522,539,552,566,577,593,607,620,638,651,663,676,693,708,724,741,755,771,786,800,810,823,836,851,863,876,888,904,918,935,951,965,978,991,1005,1021,1033
74,,8,27,41,55,69,83,95,107,122,136,150,165,178,194,207,221,234,248,262,274,288,301,314,328,341,354,369,384,398,412,425,437,450,465,476,493,508,521,535,547,561,576,589,604,625,636,648,665,679,692,706,718,731,744,760,775,790,802,816,827,840,853,868,887,900,913,928,941,953,966,981,998,1012,1025
75,,9,21,32,45,60,73,87,104,119,133,147,160,175,191,206,220,235,247,260,275,289,302,316,329,347,358,375,387,404,416,431,445,459,472,487,500,515,526,537,550,564,575,590,603,617,631,645,659,670,684,699,709,725,737,750,764,779,794,807,821,835,849,861,875,891,906,919,934,944,959,973,988,1003,1017,1031
75,,10,15,30,50,58,71,85,100,115,130,145,158,169,184,199,213,226,241,252,265,278,292,306,318,333,344,355,367,380,392,408,422,434,446,461,475,491,504,517,532,543,557,571,588,602,616,630,644,657,672,686,700,714,728,740,754,767,783,799,814,831,844,858,873,884,898,911,924,937,950,962,977,992,1008,1022
74,,11,23,34,51,66,81,94,109,123,137,151,164,179,192,204,218,231,245,261,273,286,304,317,331,343,361,376,393,407,420,439,453,468,481,494,507,520,533,549,563,578,594,608,622,634,647,662,678,689,705,717,732,746,759,773,787,801,815,828,843,856,870,882,895,909,923,938,952,969,979,993,1006,1019,1034
74,,12,22,37,47,62,75,91,103,118,129,144,159,174,187,201,215,229,244,257,272,285,299,313,327,342,356,370,382,396,411,423,436,451,466,480,496,510,523,538,558,572,584,598,612,629,643,658,671,685,698,713,730,743,757,770,781,795,809,824,837,850,865,878,893,905,920,933,947,964,983,994,1007,1020,1032
73,,13,26,40,54,67,80,97,110,125,138,154,168,185,196,210,228,242,256,269,283,295,308,322,335,346,359,373,386,402,415,428,444,456,470,485,498,511,525,546,560,574,587,600,614,628,641,656,673,687,701,715,727,742,756,768,784,796,813,829,845,860,874,889,902,916,930,943,957,971,984,996,1011,1023
