75,,0,22,36,49,63,81,91,101,112,124,143,153,173,202,213,226,237,250,256,288,302,315,328,339,358,366,384,389,399,409,424,436,450,463,474,490,504,514,534,543,555,567,579,596,607,617,631,645,656,669,681,705,726,738,749,762,774,795,806,819,833,844,858,880,891,903,917,932,939,952,965,982,994,1008,1015
74,,1,23,39,54,67,79,93,106,120,133,144,156,165,177,185,196,210,222,231,242,262,273,283,304,323,334,354,368,380,391,414,422,434,448,466,476,496,507,529,535,549,558,574,590,606,616,629,643,654,668,679,699,709,719,728,742,756,771,783,794,807,820,838,850,864,876,896,911,924,957,966,989,1013,1023
75,,2,16,28,48,60,69,84,98,107,117,130,139,160,178,190,198,212,221,238,243,257,277,292,300,308,321,333,351,383,393,403,416,429,439,452,484,500,516,530,541,559,571,588,603,614,622,636,657,672,689,703,718,729,739,752,760,777,789,804,817,832,846,863,870,882,895,910,918,933,942,955,968,983,995,1003
71,,3,17,30,44,61,68,82,95,113,126,147,158,179,200,211,224,234,254,265,279,294,311,320,341,357,371,382,402,413,426,440,458,479,486,499,520,528,540,553,566,578,593,609,626,647,661,680,691,701,721,736,750,764,773,784,797,810,827,836,857,874,887,905,919,936,958,969,980,993,1007,1020
73,,4,27,38,51,70,83,100,114,128,149,169,183,192,203,217,233,251,264,275,289,306,316,326,337,349,361,378,397,412,420,427,442,457,464,485,493,509,518,526,537,550,562,577,594,610,621,635,644,658,673,687,702,715,730,754,770,782,796,805,826,840,852,873,894,906,920,929,944,950,964,978,1001,1011
76,,5,18,34,43,56,65,77,92,115,123,135,145,157,168,182,197,209,220,232,248,263,274,285,295,307,318,332,342,353,365,374,392,406,418,433,447,459,469,480,494,512,533,545,561,576,587,598,612,624,637,650,665,678,692,708,720,740,751,772,787,811,821,835,845,856,865,879,888,901,934,945,959,975,988,999,1021
70,,6,19,29,52,80,96,111,125,137,155,166,199,214,228,240,255,268,280,293,309,322,335,345,359,369,381,400,421,432,445,467,475,491,501,513,525,538,551,563,573,584,601,618,630,646,659,671,686,700,713,724,737,753,767,780,800,815,829,854,867,878,898,912,930,946,963,976,992,1005,1016
70,,7,15,35,47,62,72,86,104,118,138,152,164,176,189,195,206,215,236,246,267,286,301,348,360,376,388,401,415,441,453,468,477,495,505,519,546,557,570,583,592,602,619,632,653,664,674,684,694,706,722,733,746,761,775,786,798,818,831,847,860,868,884,899,922,940,953,973,986,1004,1018
71,,8,25,33,45,57,71,85,97,108,121,141,150,170,184,194,208,223,235,245,259,272,287,296,312,319,330,347,363,372,390,404,437,455,473,482,497,510,522,539,560,572,586,600,611,623,638,652,662,675,688,698,712,725,747,763,776,790,816,830,843,859,869,885,897,908,921,949,961,977,990,1006
72,,9,21,40,50,66,78,94,103,116,127,136,151,163,171,187,207,225,249,261,269,284,298,313,325,344,356,370,385,394,405,419,431,443,454,465,487,508,517,531,552,565,580,591,605,625,641,649,660,683,696,716,734,744,757,768,779,791,799,814,825,842,853,871,893,904,914,926,943,972,984,996,1019
71,,10,14,26,41,53,64,76,88,119,134,148,161,174,193,204,218,230,258,271,282,297,310,327,343,355,375,398,411,423,435,449,462,472,483,498,511,523,536,548,575,585,599,613,634,670,682,695,711,732,745,759,785,793,808,823,837,851,866,877,890,900,913,925,938,948,960,971,987,1000,1010,1022
86,,11,24,37,55,73,89,110,129,142,162,175,186,205,219,241,252,270,281,305,324,336,346,367,379,387,407,417,430,446,460,471,481,492,506,521,532,542,556,569,581,595,608,620,633,642,648,663,677,690,704,714,735,748,758,769,801,809,824,841,849,861,872,883,889,907,915,928,937,951,967,979,991,1002,1014,1024,1025,1026,1027,1028,1029,1030,1031,1032,1033,1034,1035
78,,12,20,32,46,59,75,90,99,105,122,132,146,159,172,180,191,201,216,229,244,253,266,276,291,299,314,331,340,352,362,373,386,395,408,428,444,456,470,489,502,515,527,547,564,589,604,615,628,640,655,667,676,693,710,723,731,741,755,766,778,792,802,812,828,839,855,875,886,902,916,927,935,947,956,970,981,998,1012
74,,13,31,42,58,74,87,102,109,131,140,154,167,181,188,227,239,247,260,278,290,303,317,329,338,350,364,377,396,410,425,438,451,461,478,488,503,524,544,554,568,582,597,627,639,651,666,685,697,707,717,727,743,765,781,788,803,813,822,834,848,862,881,892,909,923,931,941,954,962,974,985,997,1009,1017
