74,,0,16,35,50,57,70,84,98,112,126,141,158,171,184,199,213,228,243,258,271,286,300,314,328,342,356,369,384,398,411,424,439,454,468,481,495,509,524,537,551,565,580,595,609,622,636,650,665,679,691,704,719,734,748,762,775,790,802,817,831,845,862,878,892,907,921,934,947,962,976,990,1003,1016,1030
74,,1,21,33,44,59,79,91,102,117,130,144,161,173,188,202,215,230,244,257,272,285,299,313,327,341,354,368,381,396,412,425,438,452,462,477,491,505,519,536,550,563,578,591,605,618,632,647,661,674,688,702,716,731,744,758,771,786,800,813,827,841,855,868,883,897,913,926,940,953,967,980,994,1008,1021
75,,2,14,28,42,56,74,85,101,115,132,143,156,169,182,194,208,225,236,251,269,282,296,311,326,338,353,366,382,394,408,422,436,449,463,479,492,504,518,532,545,559,573,587,600,613,626,641,658,673,687,701,715,728,740,754,767,782,793,808,822,835,851,863,876,890,903,917,931,948,960,974,989,1004,1019,1033
73,,3,19,34,48,62,71,87,104,119,133,147,159,175,191,205,220,234,247,262,274,289,302,318,334,348,362,373,386,400,414,430,445,459,472,484,497,511,525,541,554,570,583,596,611,624,637,653,666,680,695,710,724,738,752,768,781,796,812,825,838,853,869,882,896,909,922,938,952,966,981,997,1013,1027
73,,4,26,41,55,68,82,94,111,124,139,152,167,180,192,206,219,233,249,265,279,294,308,323,337,352,367,378,395,409,426,440,453,467,482,496,510,523,538,552,567,581,594,607,621,634,646,660,675,689,703,721,735,747,763,778,794,807,821,836,849,864,877,889,905,919,935,951,965,978,992,1006,1018,1034
74,,5,17,29,45,61,75,92,103,118,128,142,155,170,183,198,212,224,238,250,264,276,290,304,317,331,346,361,374,389,402,415,428,443,458,471,486,501,514,528,543,558,569,584,598,612,629,643,656,670,684,699,712,726,739,753,766,780,795,809,824,839,852,867,881,895,910,925,939,954,970,985,998,1011,1024
73,,6,24,39,53,67,80,97,108,122,137,151,166,181,196,211,223,237,253,263,278,291,305,324,340,351,365,379,392,406,421,435,450,465,475,489,503,517,531,546,560,574,588,604,619,633,649,662,678,690,707,720,733,749,761,776,789,805,819,833,844,858,872,887,900,914,928,941,957,969,983,995,1010,1026
74,,7,18,30,49,64,78,89,106,120,135,148,162,177,190,204,218,231,245,259,277,292,306,319,332,345,360,376,390,404,418,432,446,460,474,487,500,513,529,542,557,568,582,597,610,625,639,652,667,681,696,709,723,741,755,769,783,798,811,826,840,854,866,879,894,908,923,936,950,964,979,993,1007,1022,1035
74,,8,27,40,54,66,81,95,107,121,134,149,163,176,189,203,217,232,246,260,275,288,301,315,329,344,358,372,387,403,417,429,442,456,470,485,498,512,527,540,556,571,585,599,614,627,642,655,669,683,697,711,725,737,750,764,779,792,806,820,834,848,861,874,888,902,915,929,943,956,971,984,999,1012,1025
74,,9,22,37,46,60,73,88,100,114,129,145,157,172,186,200,214,227,239,254,267,281,298,312,325,339,355,370,383,397,410,423,437,451,466,480,494,508,522,535,547,561,575,590,602,617,630,644,657,672,685,698,713,729,743,759,773,787,801,814,829,847,859,873,886,901,916,930,944,958,972,987,1000,1014,1028
75,,10,15,31,43,58,72,86,99,113,127,140,154,168,185,195,209,222,241,252,266,280,293,307,320,333,347,359,375,388,401,416,431,444,457,473,488,502,516,530,544,555,572,586,601,615,628,640,654,668,682,694,708,722,736,751,765,777,791,804,818,832,846,860,875,891,904,918,932,945,959,975,988,1002,1015,1029
75,,11,23,36,51,69,83,96,110,125,138,153,165,179,193,207,221,235,248,261,273,287,303,316,330,343,357,371,385,399,413,427,441,455,469,483,499,515,526,539,553,566,579,593,608,623,638,651,663,677,692,705,718,730,745,757,772,785,799,815,828,842,856,870,885,898,911,924,937,949,963,977,991,1005,1020,1032
74,,12,20,32,47,63,77,90,105,116,131,146,160,174,187,201,216,229,242,256,268,283,295,309,322,336,350,363,377,391,405,420,434,447,464,478,490,506,520,533,549,562,577,592,606,620,635,648,664,676,693,706,717,732,746,760,774,788,803,816,830,843,857,871,884,899,912,927,942,955,968,982,996,1009,1023
74,,13,25,38,52,65,76,93,109,123,136,150,164,178,197,210,226,240,255,270,284,297,310,321,335,349,364,380,393,407,419,433,448,461,476,493,507,521,534,548,564,576,589,603,616,631,645,659,671,686,700,714,727,742,756,770,784,797,810,823,837,850,865,880,893,906,920,933,946,961,973,986,1001,1017,1031
