76,,0,22,38,50,65,78,93,108,119,132,147,159,171,189,194,207,222,230,259,272,289,307,318,331,341,359,370,386,397,413,426,440,457,463,475,491,503,525,539,561,575,585,602,619,631,646,660,684,695,710,723,733,748,758,768,779,792,802,812,827,834,848,861,872,883,891,907,917,931,944,950,964,978,1002,1013,1023
73,,1,21,39,54,66,80,97,106,121,139,162,175,186,204,218,231,242,262,273,284,300,312,317,328,340,352,362,373,380,392,406,419,431,442,458,478,487,507,526,537,547,562,578,594,608,620,634,670,682,694,708,721,736,747,761,774,793,808,824,838,850,864,874,886,900,913,925,942,954,963,976,990,1003
72,,2,15,34,44,58,73,89,109,133,143,152,163,173,214,228,240,256,288,302,315,329,337,349,360,377,396,409,421,434,447,459,470,489,501,513,529,536,550,563,576,586,603,615,627,639,652,662,675,687,702,718,728,743,765,782,794,807,822,836,858,879,888,902,916,926,940,955,967,980,994,1008,1015
74,,3,17,31,43,53,64,76,87,102,110,129,138,153,170,180,191,201,216,229,246,267,286,299,313,326,338,348,361,378,398,412,420,428,446,461,476,494,510,522,541,559,571,587,598,611,623,637,650,665,679,697,707,716,734,746,762,776,789,804,818,832,846,862,880,892,910,915,928,939,952,966,991,1001,1011
76,,4,26,41,59,77,92,111,125,136,150,172,182,198,213,227,239,247,260,278,290,303,320,339,354,367,383,393,403,417,430,445,467,473,485,495,506,521,532,542,555,567,577,595,609,628,642,649,661,678,693,711,731,741,755,766,778,790,813,820,842,855,875,887,904,914,927,935,948,961,977,989,1012,1029,1031,1033,1035
72,,5,18,35,47,62,74,88,122,131,142,160,181,190,199,211,226,235,244,254,265,279,293,309,322,333,350,364,376,388,401,414,425,436,450,464,484,500,516,531,551,564,589,604,614,621,635,644,656,669,681,704,715,732,744,757,769,800,816,829,853,870,882,894,906,920,929,943,974,985,1000,1010,1022
75,,6,19,29,49,63,84,96,113,127,135,144,154,168,183,192,202,212,223,233,251,263,274,285,295,306,316,325,343,358,365,375,395,408,427,443,452,482,499,519,544,554,569,580,591,606,617,632,653,663,677,691,700,713,724,737,753,770,781,791,799,815,830,843,857,876,897,905,919,936,957,968,983,995,1005,1018
72,,7,14,27,36,51,70,82,94,104,117,130,137,157,166,195,203,217,234,253,266,275,287,296,310,327,345,356,369,382,402,415,439,453,465,488,504,514,534,543,557,570,583,592,600,612,624,636,657,671,686,701,722,730,752,760,777,788,803,814,823,837,851,867,878,899,924,958,969,979,992,1007,1021
72,,8,25,33,45,55,71,85,98,105,118,140,156,165,176,187,206,215,237,250,255,268,280,291,301,344,357,371,379,389,399,410,423,433,448,468,479,486,497,512,533,548,573,584,599,613,633,641,648,667,676,692,706,719,727,742,756,772,787,811,825,840,852,873,895,908,921,947,956,971,986,1004,1017
70,,9,23,40,52,79,95,112,123,141,151,161,174,193,205,221,238,243,258,269,283,304,324,336,346,368,385,394,404,438,455,474,490,502,515,528,538,552,565,582,596,605,625,640,655,666,683,699,709,720,738,750,763,775,786,796,805,826,839,854,866,877,889,909,922,937,951,965,984,996,1019
76,,10,16,28,48,61,68,81,91,100,115,124,145,155,167,179,200,210,224,236,245,257,277,292,298,314,332,342,353,366,381,400,422,435,449,460,471,481,492,505,520,527,546,556,568,581,593,610,622,638,651,664,674,685,696,714,735,749,764,771,784,798,817,831,847,860,871,893,903,918,930,945,959,975,987,999,1020
73,,11,24,37,60,69,83,101,114,128,149,169,184,196,208,225,248,264,276,294,308,319,330,347,363,372,387,407,416,429,441,454,466,477,493,509,518,524,545,558,574,590,607,616,630,645,658,672,689,705,729,740,754,767,783,795,806,819,833,844,863,868,884,898,912,932,938,949,960,970,981,997,1009,1016
84,,12,20,32,46,56,67,75,90,99,107,120,134,148,164,177,185,197,209,220,232,249,261,270,282,297,311,321,335,351,384,390,405,418,432,444,456,469,480,496,508,517,530,540,553,566,579,597,626,647,659,673,688,698,712,725,745,759,780,801,810,828,841,849,859,869,885,896,911,923,933,941,953,973,988,998,1014,1024,1025,1026,1027,1028,1030,1032,1034
71,,13,30,42,57,72,86,103,116,126,146,158,178,188,219,241,252,271,281,305,323,334,355,374,391,411,424,437,451,462,472,483,498,511,523,535,549,560,572,588,601,618,629,643,654,668,680,690,703,717,726,739,751,773,785,797,809,821,835,845,856,865,881,890,901,934,946,962,972,982,993,1006
