75,,0,18,30,48,63,77,91,102,119,133,146,161,173,188,203,216,229,243,258,271,286,301,316,328,342,355,370,384,398,412,425,437,452,465,478,490,506,519,535,547,561,575,590,604,619,632,646,660,675,688,702,716,729,745,758,772,784,797,810,823,835,852,867,880,894,908,923,937,949,963,977,994,1006,1018,1031
74,,1,22,37,47,62,73,88,101,115,131,147,159,174,187,201,215,230,244,257,272,285,299,313,327,341,356,369,383,397,409,426,440,453,467,480,495,509,524,537,551,564,576,588,603,616,630,644,657,670,683,697,712,726,738,752,767,782,793,808,821,836,849,863,878,892,907,921,934,945,959,974,989,1004,1023
75,,2,14,28,42,56,72,85,100,114,128,142,155,169,183,198,211,225,237,252,266,280,292,306,319,331,346,359,376,390,404,417,429,442,456,469,483,500,515,526,539,553,567,581,595,608,622,635,648,662,678,690,705,718,731,744,759,773,787,801,814,830,842,856,870,885,897,913,926,940,954,971,984,997,1013,1027
74,,3,19,35,49,65,76,93,108,121,134,148,162,177,189,204,218,231,245,259,277,294,308,321,335,349,363,375,387,403,418,432,446,459,473,487,498,511,525,540,557,568,583,597,611,625,639,653,667,681,696,709,723,740,753,766,780,794,807,822,837,850,864,876,891,902,916,930,944,958,972,986,1001,1016,1028
75,,4,25,38,52,64,78,87,103,118,129,143,157,172,186,200,214,228,242,256,269,283,295,310,322,336,350,364,378,393,408,422,436,448,461,475,488,503,517,532,546,560,574,589,602,617,631,645,659,671,686,700,714,727,742,756,771,786,800,812,826,840,854,866,879,893,906,919,935,952,967,979,992,1007,1019,1034
73,,5,16,34,50,61,75,90,104,117,132,144,160,176,190,205,219,233,249,265,279,293,307,320,334,348,362,372,388,401,416,431,443,458,471,484,497,512,527,541,554,570,582,596,610,624,638,652,666,680,694,708,722,736,750,764,778,796,813,827,841,855,869,883,898,912,927,942,955,969,982,996,1009,1021
74,,6,24,40,54,66,80,96,111,124,138,153,166,181,195,209,221,235,248,261,273,287,303,315,329,344,358,373,385,399,413,428,444,455,470,485,499,514,528,544,555,571,586,601,614,628,640,654,668,682,695,710,724,739,754,768,781,795,809,824,838,853,868,882,896,910,925,938,953,965,978,991,1008,1020,1033
74,,7,17,29,44,57,70,84,98,112,126,141,156,170,184,199,213,227,240,255,270,284,298,312,324,340,351,365,380,394,407,421,434,449,463,477,493,507,521,536,550,565,579,593,609,623,637,651,664,676,693,707,721,735,747,763,777,791,804,818,833,846,859,873,887,900,914,928,941,956,970,985,999,1012,1025
73,,8,27,41,55,68,82,97,109,123,136,150,165,178,194,206,220,234,247,262,274,288,300,314,330,343,357,371,386,402,414,430,445,460,472,486,501,513,529,542,556,572,585,599,612,629,643,656,672,685,698,713,730,743,757,770,783,799,815,828,843,857,871,884,899,911,924,936,950,964,981,998,1010,1026
74,,9,21,31,46,60,74,89,107,122,137,151,164,179,191,207,222,239,254,267,282,296,311,326,338,352,367,379,392,406,420,435,450,464,479,491,504,518,531,545,559,573,587,600,615,627,642,655,669,684,699,711,725,737,751,765,779,792,806,820,834,848,862,877,890,903,917,932,947,962,976,990,1003,1017,1032
75,,10,15,32,45,58,71,86,99,113,127,140,154,168,182,196,212,224,238,251,268,281,297,309,323,337,353,366,382,395,410,423,438,451,466,481,494,508,522,534,548,563,578,592,607,621,633,649,663,677,691,704,719,734,749,760,776,790,803,816,829,844,858,872,886,901,915,929,943,957,968,980,993,1005,1022,1035
73,,11,23,36,51,69,83,95,106,120,135,149,163,175,192,202,217,232,246,260,275,289,302,318,333,345,361,374,389,400,415,427,441,457,476,492,505,520,533,549,562,577,591,605,618,634,647,661,674,689,703,720,733,748,762,775,788,802,817,831,845,861,874,888,904,918,933,946,961,973,987,1000,1014,1030
74,,12,20,33,43,59,79,92,105,116,130,145,158,171,185,197,210,226,241,253,263,278,291,305,325,339,354,368,381,396,411,424,439,454,468,482,496,510,523,538,552,566,580,594,606,620,636,650,665,679,692,706,717,732,746,761,774,789,805,819,832,847,860,875,889,905,920,931,948,960,975,988,1002,1015,1029
73,,13,26,39,53,67,81,94,110,125,139,152,167,180,193,208,223,236,250,264,276,290,304,317,332,347,360,377,391,405,419,433,447,462,474,489,502,516,530,543,558,569,584,598,613,626,641,658,673,687,701,715,728,741,755,769,785,798,811,825,839,851,865,881,895,909,922,939,951,966,983,995,1011,1024
