74,,0,19,34,49,64,78,85,100,114,127,140,154,168,182,196,210,226,241,252,268,282,297,309,323,338,353,366,382,396,412,425,437,451,466,482,495,509,524,537,551,565,580,594,607,621,634,648,661,674,688,702,717,732,746,761,775,790,803,817,831,844,858,872,886,900,914,928,941,956,970,985,998,1011,1027
74,,1,23,36,48,61,74,89,106,121,134,147,160,175,190,204,218,231,245,261,273,286,302,317,332,344,358,372,386,401,417,429,442,457,473,487,500,514,529,542,556,572,585,599,613,627,641,657,670,685,698,713,729,743,758,771,786,800,812,824,839,853,867,881,896,910,924,938,951,966,979,993,1006,1019,1032
74,,2,15,29,44,62,75,88,101,115,132,143,156,169,185,197,211,224,239,254,266,281,296,311,326,337,352,367,379,392,406,419,433,447,462,479,491,505,520,533,549,564,576,589,604,618,632,646,660,677,690,706,716,731,744,759,773,787,801,815,829,845,861,875,890,903,917,931,948,961,973,986,1001,1016,1029
74,,3,22,39,53,69,83,96,111,124,138,152,166,180,193,207,221,236,250,264,277,292,306,319,333,347,360,374,391,405,420,436,449,463,475,492,504,519,534,547,561,575,588,603,617,631,644,658,673,687,701,715,728,740,754,768,782,794,808,821,835,850,864,876,889,905,919,934,947,962,976,990,1003,1017,1033
74,,4,27,40,55,66,79,93,110,125,139,153,167,181,195,209,222,238,251,267,280,294,308,321,335,348,362,373,387,402,415,427,441,456,469,483,499,515,527,541,554,569,584,596,610,624,637,651,664,676,693,707,721,735,748,762,774,788,802,816,830,842,857,871,885,897,913,926,939,953,969,983,995,1010,1024
74,,5,21,32,46,57,71,87,102,117,130,146,158,171,183,198,213,229,242,256,270,283,295,310,322,336,350,364,378,393,407,421,434,448,461,476,493,507,521,536,550,563,578,592,606,620,635,647,662,678,691,704,720,733,749,760,776,789,805,818,833,846,859,873,887,901,916,930,944,960,974,987,1000,1015,1028
74,,6,24,38,51,68,82,97,108,120,136,151,165,179,192,205,220,234,247,262,274,288,300,314,330,343,357,371,385,399,413,431,443,458,471,485,498,512,526,539,552,566,579,593,609,623,639,653,666,680,695,710,726,737,750,764,779,792,806,820,834,848,863,877,891,902,915,929,943,957,967,982,996,1009,1023
74,,7,16,37,50,60,72,86,99,113,126,141,159,173,188,202,217,233,249,265,279,293,307,320,334,349,363,377,390,404,416,428,444,455,470,484,497,511,525,540,555,571,586,601,615,628,638,652,667,681,694,708,722,736,751,765,778,797,810,823,837,851,862,878,892,907,921,935,952,965,978,992,1005,1020,1034
73,,8,26,41,54,67,81,95,107,122,137,150,164,178,194,208,223,235,248,260,275,290,304,318,331,346,359,376,389,403,418,432,446,460,474,488,502,516,530,544,557,568,582,597,611,625,640,654,668,683,697,712,725,738,752,767,781,795,809,825,838,852,868,882,895,909,923,936,950,964,980,994,1008,1022
75,,9,17,30,52,65,77,92,105,118,129,144,161,174,186,200,214,227,240,255,269,285,299,313,327,341,355,370,383,398,410,423,438,450,465,478,489,503,517,531,545,560,574,590,602,616,630,645,659,671,686,699,711,724,739,753,766,780,793,807,822,836,849,865,880,894,908,922,937,949,963,977,991,1007,1021,1035
75,,10,14,28,43,59,80,94,109,123,135,149,163,177,191,206,219,232,246,259,276,289,303,315,328,342,356,368,381,394,408,422,435,452,464,477,490,506,518,532,546,559,573,587,600,614,626,642,655,669,682,696,709,723,742,756,769,783,798,811,826,840,854,866,879,893,906,920,932,945,958,972,989,1004,1018,1031
74,,11,18,35,47,63,76,91,104,119,133,148,162,176,189,203,215,230,244,257,272,284,298,312,324,340,351,365,380,395,411,424,440,453,467,481,496,510,523,538,553,567,581,595,608,622,636,650,665,679,692,705,718,730,745,757,772,785,799,814,828,843,856,870,884,899,912,927,942,955,968,981,997,1012,1025
73,,12,20,31,45,58,70,84,98,112,128,142,155,172,187,201,216,228,243,258,271,287,301,316,329,345,361,375,388,400,414,430,445,459,472,486,501,513,528,543,558,570,583,598,612,629,643,656,672,684,700,714,727,741,755,770,784,796,813,827,841,855,869,883,898,911,925,940,954,971,984,999,1013,1026
74,,13,25,33,42,56,73,90,103,116,131,145,157,170,184,199,212,225,237,253,263,278,291,305,325,339,354,369,384,397,409,426,439,454,468,480,494,508,522,535,548,562,577,591,605,619,633,649,663,675,689,703,719,734,747,763,777,791,804,819,832,847,860,874,888,904,918,933,946,959,975,988,1002,1014,1030
