74,,0,16,34,48,63,76,92,105,116,130,145,158,170,183,197,212,224,239,253,263,278,291,306,319,333,345,362,372,387,403,417,428,444,455,469,483,501,513,529,542,557,568,582,597,611,625,639,653,667,680,694,708,722,736,751,764,779,792,805,819,832,847,859,874,888,905,919,935,950,964,979,993,1007,1022
75,,1,22,38,52,64,77,91,102,118,128,142,155,171,184,199,213,228,242,256,269,281,298,311,327,341,354,368,380,394,407,419,433,449,463,478,490,506,518,532,545,559,573,587,599,613,626,641,658,673,687,701,715,728,741,755,769,783,798,811,825,839,853,868,882,895,909,923,936,951,965,978,991,1005,1018,1031
75,,2,14,28,42,57,70,84,98,112,126,141,156,169,185,196,210,226,241,254,265,279,293,307,320,332,346,359,374,389,399,413,431,443,458,471,485,498,512,527,541,554,569,584,596,610,624,637,651,664,676,693,707,721,735,749,760,776,790,803,816,829,844,858,872,886,901,916,930,944,958,972,986,1001,1016,1029
74,,3,18,31,45,61,75,90,103,117,133,147,160,175,189,204,218,231,245,259,277,294,308,322,336,350,363,376,391,405,420,435,450,465,475,489,503,517,531,544,556,572,585,600,614,627,642,655,669,682,695,710,725,738,752,768,782,793,807,822,836,849,864,877,889,904,918,934,945,959,974,989,1004,1020,1034
73,,4,24,40,54,66,80,97,110,125,139,152,167,180,193,207,220,234,248,260,275,289,302,318,334,349,364,378,393,408,422,436,447,462,477,491,504,519,534,548,563,578,592,606,620,635,649,661,674,689,704,719,733,747,763,777,791,804,818,833,845,862,878,892,907,921,933,946,960,975,988,1003,1017,1033
74,,5,20,33,43,59,79,93,108,121,135,149,163,176,190,205,219,233,249,268,283,295,309,321,335,348,361,375,388,401,418,432,446,460,472,484,497,511,525,540,555,571,586,601,615,628,640,654,668,683,697,711,724,739,754,767,781,795,810,821,837,850,865,879,894,908,922,938,952,966,980,994,1008,1021,1035
74,,6,25,37,46,60,73,89,106,120,134,148,162,177,191,206,221,235,247,262,274,288,301,315,330,343,357,371,386,402,415,427,441,457,474,487,499,514,528,543,558,570,583,598,612,629,643,656,670,684,699,712,726,737,750,765,778,797,809,824,838,852,866,880,893,906,920,932,947,962,976,990,1002,1015,1030
74,,7,17,29,44,56,72,88,101,115,131,146,161,173,188,202,216,229,243,258,271,286,300,314,329,344,358,373,385,400,414,429,442,456,470,486,500,515,526,539,553,566,580,594,607,621,634,646,660,675,688,702,716,730,743,757,772,786,800,812,826,840,854,867,881,897,911,925,940,954,971,984,998,1011,1026
73,,8,27,41,55,69,82,96,111,123,136,150,164,181,195,209,222,238,250,264,276,290,304,317,331,347,360,377,390,404,416,430,445,459,473,488,502,516,530,546,560,574,588,604,618,633,648,663,677,691,703,720,734,748,762,774,788,802,817,831,846,860,875,891,902,915,929,943,956,970,985,997,1012,1024
74,,9,19,36,51,68,83,94,109,124,138,153,166,179,192,203,217,232,246,261,273,287,303,316,328,342,356,369,384,398,412,426,440,453,467,481,495,509,523,538,552,567,581,595,608,622,636,650,665,679,692,705,717,732,746,761,775,789,806,820,834,848,861,873,887,900,914,928,941,957,969,983,996,1009,1023
74,,10,15,32,47,62,74,87,104,119,132,144,159,174,186,200,214,227,240,255,270,284,296,312,324,340,352,367,381,395,409,425,438,451,466,480,494,508,522,535,547,562,577,591,605,619,632,647,662,678,690,706,718,731,745,759,773,787,801,815,828,842,856,870,883,898,913,926,939,953,968,981,999,1013,1027
74,,11,23,35,50,58,71,85,100,114,129,143,157,172,187,201,215,230,244,257,272,285,299,313,326,338,353,366,382,396,411,424,439,454,468,482,496,510,524,537,551,565,579,593,609,623,638,652,666,681,696,709,723,740,753,766,780,794,808,823,835,851,863,876,890,903,917,931,948,961,973,987,1000,1014,1028
75,,12,21,30,49,65,78,86,99,113,127,140,154,168,182,198,211,225,237,251,267,282,297,310,323,337,351,365,379,392,406,421,434,448,461,476,493,507,521,536,550,564,576,589,603,616,631,644,657,671,686,700,714,727,742,756,770,784,796,813,827,841,855,869,885,896,910,924,937,949,963,977,992,1006,1019,1032
73,,13,26,39,53,67,81,95,107,122,137,151,165,178,194,208,223,236,252,266,280,292,305,325,339,355,370,383,397,410,423,437,452,464,479,492,505,520,533,549,561,575,590,602,617,630,645,659,672,685,698,713,729,744,758,771,785,799,814,830,843,857,871,884,899,912,927,942,955,967,982,995,1010,1025
